420227
2258091
2796785
2432298
901827
2758707
1368419
77661
1106131
2442606
1602938
2375827
620305
2028481
1339563
2370049
1726780
1151680
2619825
1887571
1503534
1677036
493676
2305295
625190
123469
2105018
2140071
2410521
942636
894438
347101
717080
1207575
295751
1618907
966282
1664170
2212921
2588765
1106776
815859
2480945
2243433
2844340
1336860
1613483
2087472
2488540
1749660
1491395
992075
943049
2501424
813722
1568239
2624893
2918741
1224662
2035415
861377
2635452
2898868
2094809
843028
194619
713717
2325662
2375141
442990
2430780
481917
1258849
1911725
241703
1619541
248585
2371538
707013
253477
1121198
2198409
1761904
2064247
1699833
2575627
1148838
1324726
2494368
2373500
876493
872097
2008953
1291713
2966907
36ddd8333
368333
1486332
1196976
kk
2693995
